				AIC			AICc	SIC
BM                 		12.61833 12.73483 17.94521   2
metamorphosis    13.94093 14.33697 24.59469   4
mpd                	12.89428 13.49428 26.21148   5
mpdMpleth          	10.18632 11.03480 26.16695   6
MxMpleth           	13.09911 13.69911 26.41630   5
xMpleth            	12.81293 13.20897 23.46669   4
xpleth             	17.61778 18.01382 28.27153   4
xplethMpleth       	12.81345 13.41345 26.13064   5
xplethMplethPpleth 14.74843 15.59692 30.72907   6
OU1                	20.08993 20.32522 28.08024   3
